<root>
	<node>
		<identifier> Scene Root </identifier>
		<transform>
			<row0> 1.000000 0.000000 0.000000 </row0>
			<row1> 0.000000 1.000000 0.000000 </row1>
			<row2> 0.000000 0.000000 1.000000 </row2>
			<row3> 0.000000 0.000000 0.000000 </row3>
		</transform>
		<node>
			<identifier> hv4_Draft_Welder_Female_01_old </identifier>
			<transform>
				<row0> 1.000000 0.000000 0.000000 </row0>
				<row1> 0.000000 1.000000 0.000000 </row1>
				<row2> 0.000000 0.000000 1.000000 </row2>
				<row3> 0.000000 0.000000 0.000000 </row3>
			</transform>
			<node>
				<identifier> DeformationSystem </identifier>
				<transform>
					<row0> 1.000000 0.000000 0.000000 </row0>
					<row1> 0.000000 1.000000 0.000000 </row1>
					<row2> 0.000000 0.000000 1.000000 </row2>
					<row3> 0.000000 0.000000 0.000000 </row3>
				</transform>
				<node>
					<identifier> root </identifier>
					<transform>
						<row0> 1.000000 0.000000 0.000000 </row0>
						<row1> 0.000000 1.000000 0.000000 </row1>
						<row2> 0.000000 0.000000 1.000000 </row2>
						<row3> 0.000000 0.000000 0.000000 </row3>
					</transform>
					<node>
						<identifier> Root_M </identifier>
						<transform>
							<row0> 0.000000 1.000000 0.000000 </row0>
							<row1> -0.000000 0.000000 -1.000000 </row1>
							<row2> -1.000000 0.000000 0.000000 </row2>
							<row3> 0.000000 0.904111 0.007832 </row3>
						</transform>
						<node>
							<identifier> Hip_L </identifier>
							<transform>
								<row0> 0.990146 0.060932 0.126091 </row0>
								<row1> 0.060444 -0.998142 0.007697 </row1>
								<row2> 0.126325 0.000000 -0.991989 </row2>
								<row3> 0.000000 0.000000 -0.097627 </row3>
							</transform>
							<node>
								<identifier> HipPart1_L </identifier>
								<transform>
									<row0> 1.000000 0.000000 0.000000 </row0>
									<row1> 0.000000 1.000000 0.000000 </row1>
									<row2> 0.000000 -0.000000 1.000000 </row2>
									<row3> -0.203418 0.000000 -0.000000 </row3>
								</transform>
								<node>
									<identifier> Knee_L </identifier>
									<transform>
										<row0> 0.996069 -0.088579 0.000000 </row0>
										<row1> 0.088579 0.996069 -0.000000 </row1>
										<row2> 0.000000 -0.000000 1.000000 </row2>
										<row3> -0.203418 -0.000000 0.000000 </row3>
									</transform>
									<node>
										<identifier> KneePart1_L </identifier>
										<transform>
											<row0> 1.000000 0.000000 0.000000 </row0>
											<row1> 0.000000 1.000000 -0.000000 </row1>
											<row2> -0.000000 0.000000 1.000000 </row2>
											<row3> -0.194080 0.000000 -0.000000 </row3>
										</transform>
										<node>
											<identifier> Ankle_L </identifier>
											<transform>
												<row0> 0.980900 0.147913 0.126325 </row0>
												<row1> -0.129320 0.981017 -0.144503 </row1>
												<row2> -0.145301 0.125407 0.981407 </row2>
												<row3> -0.194080 0.000000 0.000000 </row3>
											</transform>
											<node>
												<identifier> Toes_L </identifier>
												<transform>
													<row0> -0.000000 1.000000 -0.000000 </row0>
													<row1> -1.000000 0.000000 0.000000 </row1>
													<row2> 0.000000 0.000000 1.000000 </row2>
													<row3> -0.096541 -0.129764 0.000000 </row3>
												</transform>
												<node>
													<identifier> Toes_L_BlendBone </identifier>
													<transform>
														<row0> -0.145670 -0.000000 0.989333 </row0>
														<row1> -0.000000 -1.000000 -0.000000 </row1>
														<row2> -0.989333 0.000000 -0.145670 </row2>
														<row3> 0.068987 0.023997 -0.208489 </row3>
													</transform>
												</node>
											</node>
											<node>
												<identifier> Ankle_L_BlendBone </identifier>
												<transform>
													<row0> 0.000000 -0.145670 0.989333 </row0>
													<row1> 1.000000 -0.000000 -0.000000 </row1>
													<row2> -0.000000 -0.989333 -0.145670 </row2>
													<row3> -0.120538 -0.060776 -0.208489 </row3>
												</transform>
											</node>
										</node>
										<node>
											<identifier> KneePart1_L_BlendBone </identifier>
											<transform>
												<row0> -0.124913 -0.018836 0.991989 </row0>
												<row1> 0.980899 0.147912 0.126325 </row1>
												<row2> 0.149107 -0.988821 -0.000000 </row2>
												<row3> -0.274162 -0.103598 -0.211057 </row3>
											</transform>
										</node>
									</node>
									<node>
										<identifier> Knee_L_BlendBone </identifier>
										<transform>
											<row0> -0.124913 -0.018836 0.991989 </row0>
											<row1> 0.980899 0.147912 0.126325 </row1>
											<row2> 0.149107 -0.988821 -0.000000 </row2>
											<row3> -0.468242 -0.103598 -0.211057 </row3>
										</transform>
									</node>
								</node>
								<node>
									<identifier> HipPart1_L_BlendBone </identifier>
									<transform>
										<row0> -0.126091 -0.007697 0.991989 </row0>
										<row1> 0.990146 0.060444 0.126325 </row1>
										<row2> 0.060932 -0.998142 0.000000 </row2>
										<row3> -0.678996 -0.061714 -0.211057 </row3>
									</transform>
								</node>
							</node>
							<node>
								<identifier> Hip_L_BlendBone </identifier>
								<transform>
									<row0> -0.126091 -0.007697 0.991989 </row0>
									<row1> 0.990146 0.060444 0.126325 </row1>
									<row2> 0.060932 -0.998142 0.000000 </row2>
									<row3> -0.882415 -0.061714 -0.211057 </row3>
								</transform>
							</node>
						</node>
						<node>
							<identifier> Hip_R </identifier>
							<transform>
								<row0> -0.990146 -0.060932 0.126091 </row0>
								<row1> -0.060444 0.998142 0.007697 </row1>
								<row2> -0.126325 0.000000 -0.991989 </row2>
								<row3> 0.000000 0.000000 0.097627 </row3>
							</transform>
							<node>
								<identifier> HipPart1_R </identifier>
								<transform>
									<row0> 1.000000 0.000000 0.000000 </row0>
									<row1> 0.000000 1.000000 0.000000 </row1>
									<row2> -0.000000 -0.000000 1.000000 </row2>
									<row3> 0.203418 0.000000 0.000000 </row3>
								</transform>
								<node>
									<identifier> Knee_R </identifier>
									<transform>
										<row0> 0.996069 -0.088579 0.000000 </row0>
										<row1> 0.088579 0.996069 0.000000 </row1>
										<row2> -0.000000 -0.000000 1.000000 </row2>
										<row3> 0.203418 -0.000000 0.000000 </row3>
									</transform>
									<node>
										<identifier> KneePart1_R </identifier>
										<transform>
											<row0> 1.000000 0.000000 0.000000 </row0>
											<row1> 0.000000 1.000000 -0.000000 </row1>
											<row2> 0.000000 0.000000 1.000000 </row2>
											<row3> 0.194080 0.000000 0.000000 </row3>
										</transform>
										<node>
											<identifier> Ankle_R </identifier>
											<transform>
												<row0> 0.980900 0.147913 0.126325 </row0>
												<row1> -0.129320 0.981017 -0.144503 </row1>
												<row2> -0.145301 0.125407 0.981407 </row2>
												<row3> 0.194080 0.000000 0.000000 </row3>
											</transform>
											<node>
												<identifier> Toes_R </identifier>
												<transform>
													<row0> 0.000000 1.000000 -0.000000 </row0>
													<row1> -1.000000 0.000000 0.000000 </row1>
													<row2> -0.000000 0.000000 1.000000 </row2>
													<row3> 0.096541 0.129764 -0.000000 </row3>
												</transform>
												<node>
													<identifier> Toes_R_BlendBone </identifier>
													<transform>
														<row0> -0.145670 -0.000000 0.989333 </row0>
														<row1> 0.000000 1.000000 0.000000 </row1>
														<row2> 0.989333 -0.000000 0.145670 </row2>
														<row3> -0.068987 -0.023997 0.208489 </row3>
													</transform>
												</node>
											</node>
											<node>
												<identifier> Ankle_R_BlendBone </identifier>
												<transform>
													<row0> 0.000000 -0.145670 0.989333 </row0>
													<row1> -1.000000 0.000000 0.000000 </row1>
													<row2> 0.000000 0.989333 0.145670 </row2>
													<row3> 0.120538 0.060776 0.208489 </row3>
												</transform>
											</node>
										</node>
										<node>
											<identifier> KneePart1_R_BlendBone </identifier>
											<transform>
												<row0> -0.124913 -0.018836 0.991989 </row0>
												<row1> -0.980899 -0.147912 -0.126325 </row1>
												<row2> -0.149107 0.988821 0.000000 </row2>
												<row3> 0.274162 0.103598 0.211057 </row3>
											</transform>
										</node>
									</node>
									<node>
										<identifier> Knee_R_BlendBone </identifier>
										<transform>
											<row0> -0.124913 -0.018836 0.991989 </row0>
											<row1> -0.980899 -0.147912 -0.126325 </row1>
											<row2> -0.149107 0.988821 0.000000 </row2>
											<row3> 0.468242 0.103598 0.211057 </row3>
										</transform>
									</node>
								</node>
								<node>
									<identifier> HipPart1_R_BlendBone </identifier>
									<transform>
										<row0> -0.126091 -0.007697 0.991989 </row0>
										<row1> -0.990146 -0.060444 -0.126325 </row1>
										<row2> -0.060932 0.998142 0.000000 </row2>
										<row3> 0.678997 0.061714 0.211057 </row3>
									</transform>
								</node>
							</node>
							<node>
								<identifier> Hip_R_BlendBone </identifier>
								<transform>
									<row0> -0.126091 -0.007697 0.991989 </row0>
									<row1> -0.990146 -0.060444 -0.126325 </row1>
									<row2> -0.060932 0.998142 0.000000 </row2>
									<row3> 0.882415 0.061714 0.211057 </row3>
								</transform>
							</node>
						</node>
						<node>
							<identifier> Spine1_M </identifier>
							<transform>
								<row0> 1.000000 0.000000 0.000000 </row0>
								<row1> 0.000000 1.000000 0.000000 </row1>
								<row2> 0.000000 0.000000 1.000000 </row2>
								<row3> 0.109345 0.000000 0.000000 </row3>
							</transform>
							<node>
								<identifier> Spine2_M </identifier>
								<transform>
									<row0> 1.000000 -0.000000 0.000000 </row0>
									<row1> 0.000000 1.000000 0.000000 </row1>
									<row2> 0.000000 0.000000 1.000000 </row2>
									<row3> 0.109345 0.000000 0.000000 </row3>
								</transform>
								<node>
									<identifier> Chest_M </identifier>
									<transform>
										<row0> 1.000000 0.000000 0.000000 </row0>
										<row1> 0.000000 1.000000 0.000000 </row1>
										<row2> 0.000000 0.000000 1.000000 </row2>
										<row3> 0.109345 0.000000 0.000000 </row3>
									</transform>
									<node>
										<identifier> Neck_M </identifier>
										<transform>
											<row0> 0.969355 0.245666 0.000000 </row0>
											<row1> -0.245666 0.969355 0.000000 </row1>
											<row2> 0.000000 0.000000 1.000000 </row2>
											<row3> 0.177323 -0.047758 -0.000000 </row3>
										</transform>
										<node>
											<identifier> NeckPart1_M </identifier>
											<transform>
												<row0> 1.000000 0.000000 0.000000 </row0>
												<row1> 0.000000 1.000000 0.000000 </row1>
												<row2> -0.000000 0.000000 1.000000 </row2>
												<row3> 0.070094 0.000000 -0.000000 </row3>
											</transform>
											<node>
												<identifier> Head_M </identifier>
												<transform>
													<row0> 0.969355 -0.245666 0.000000 </row0>
													<row1> 0.245666 0.969355 0.000000 </row1>
													<row2> -0.000000 0.000000 1.000000 </row2>
													<row3> 0.070094 0.000000 0.000000 </row3>
												</transform>
												<node>
													<identifier> Head_M_BlendBone </identifier>
													<transform>
														<row0> 0.000000 -0.000000 -1.000000 </row0>
														<row1> 1.000000 0.000000 0.000000 </row1>
														<row2> -0.000000 1.000000 -0.000000 </row2>
														<row3> -1.545363 0.021151 0.000000 </row3>
													</transform>
												</node>
											</node>
											<node>
												<identifier> NeckPart1_M_BlendBone </identifier>
												<transform>
													<row0> 0.000000 -0.000000 -1.000000 </row0>
													<row1> 0.969355 -0.245666 0.000000 </row1>
													<row2> 0.245666 0.969355 -0.000000 </row2>
													<row3> -1.422714 0.400146 0.000000 </row3>
												</transform>
											</node>
										</node>
										<node>
											<identifier> Neck_M_BlendBone </identifier>
											<transform>
												<row0> 0.000000 -0.000000 -1.000000 </row0>
												<row1> 0.969355 -0.245666 0.000000 </row1>
												<row2> 0.245666 0.969355 -0.000000 </row2>
												<row3> -1.352620 0.400146 0.000000 </row3>
											</transform>
										</node>
									</node>
									<node>
										<identifier> Scapula_L </identifier>
										<transform>
											<row0> 0.000000 -0.000000 1.000000 </row0>
											<row1> -0.000000 -1.000000 -0.000000 </row1>
											<row2> 1.000000 -0.000000 -0.000000 </row2>
											<row3> 0.125190 -0.052751 -0.045396 </row3>
										</transform>
										<node>
											<identifier> Shoulder_L </identifier>
											<transform>
												<row0> 0.591804 -0.000000 0.806082 </row0>
												<row1> 0.000000 1.000000 0.000000 </row1>
												<row2> -0.806082 -0.000000 0.591804 </row2>
												<row3> -0.120025 0.000000 0.000000 </row3>
											</transform>
											<node>
												<identifier> ShoulderPart1_L </identifier>
												<transform>
													<row0> 1.000000 -0.000000 0.000000 </row0>
													<row1> 0.000000 1.000000 -0.000000 </row1>
													<row2> 0.000000 0.000000 1.000000 </row2>
													<row3> -0.127227 0.000000 0.000000 </row3>
												</transform>
												<node>
													<identifier> Elbow_L </identifier>
													<transform>
														<row0> 0.976378 0.216071 0.000000 </row0>
														<row1> -0.216071 0.976378 -0.000000 </row1>
														<row2> 0.000000 0.000000 1.000000 </row2>
														<row3> -0.127227 0.000000 0.000000 </row3>
													</transform>
													<node>
														<identifier> ElbowPart1_L </identifier>
														<transform>
															<row0> 1.000000 0.000000 -0.000000 </row0>
															<row1> 0.000000 1.000000 0.000000 </row1>
															<row2> -0.000000 -0.000000 1.000000 </row2>
															<row3> -0.136301 0.000000 0.000000 </row3>
														</transform>
														<node>
															<identifier> Wrist_L </identifier>
															<transform>
																<row0> 0.956555 0.166082 0.239621 </row0>
																<row1> -0.236668 0.922308 0.305511 </row1>
																<row2> -0.170265 -0.348948 0.921545 </row2>
																<row3> -0.136301 0.000000 0.000000 </row3>
															</transform>
															<node>
																<identifier> IndexFinger1_L </identifier>
																<transform>
																	<row0> 0.978560 0.204979 -0.020103 </row0>
																	<row1> -0.205116 0.961040 -0.185285 </row1>
																	<row2> -0.018659 0.185436 0.982479 </row2>
																	<row3> -0.082046 -0.019026 0.004617 </row3>
																</transform>
																<node>
																	<identifier> IndexFinger2_L </identifier>
																	<transform>
																		<row0> 0.999874 0.000000 0.015852 </row0>
																		<row1> 0.000000 1.000000 -0.000000 </row1>
																		<row2> -0.015852 0.000000 0.999874 </row2>
																		<row3> -0.033512 0.000000 0.000000 </row3>
																	</transform>
																	<node>
																		<identifier> IndexFinger3_L </identifier>
																		<transform>
																			<row0> 1.000000 0.000000 -0.000000 </row0>
																			<row1> 0.000000 1.000000 0.000000 </row1>
																			<row2> -0.000000 -0.000000 1.000000 </row2>
																			<row3> -0.022423 0.000000 0.000000 </row3>
																		</transform>
																		<node>
																			<identifier> IndexFinger3_L_BlendBone </identifier>
																			<transform>
																				<row0> -0.230394 0.403237 0.885618 </row0>
																				<row1> 0.810137 -0.424688 0.404126 </row1>
																				<row2> -0.539070 -0.810580 0.228831 </row2>
																				<row3> -0.511299 0.208227 -0.802322 </row3>
																			</transform>
																		</node>
																	</node>
																	<node>
																		<identifier> IndexFinger2_L_BlendBone </identifier>
																		<transform>
																			<row0> -0.230394 0.403237 0.885618 </row0>
																			<row1> 0.810137 -0.424688 0.404126 </row1>
																			<row2> -0.539070 -0.810580 0.228831 </row2>
																			<row3> -0.533721 0.208227 -0.802322 </row3>
																		</transform>
																	</node>
																</node>
																<node>
																	<identifier> IndexFinger1_L_BlendBone </identifier>
																	<transform>
																		<row0> -0.244404 0.403237 0.881854 </row0>
																		<row1> 0.803629 -0.424688 0.416917 </row1>
																		<row2> -0.542629 -0.810580 0.220257 </row2>
																		<row3> -0.554447 0.208227 -0.810682 </row3>
																	</transform>
																</node>
															</node>
															<node>
																<identifier> MiddleFinger1_L </identifier>
																<transform>
																	<row0> 0.997218 0.032077 0.067289 </row0>
																	<row1> -0.007850 0.942849 -0.333127 </row1>
																	<row2> -0.074129 0.331672 0.940478 </row2>
																	<row3> -0.083044 0.000000 0.000000 </row3>
																</transform>
																<node>
																	<identifier> MiddleFinger2_L </identifier>
																	<transform>
																		<row0> 1.000000 0.000000 0.000000 </row0>
																		<row1> 0.000000 1.000000 0.000000 </row1>
																		<row2> 0.000000 0.000000 1.000000 </row2>
																		<row3> -0.040225 0.000000 0.000000 </row3>
																	</transform>
																	<node>
																		<identifier> MiddleFinger3_L </identifier>
																		<transform>
																			<row0> 1.000000 0.000000 0.000000 </row0>
																			<row1> 0.000000 1.000000 0.000000 </row1>
																			<row2> 0.000000 0.000000 1.000000 </row2>
																			<row3> -0.028019 0.000000 0.000000 </row3>
																		</transform>
																		<node>
																			<identifier> MiddleFinger3_L_BlendBone </identifier>
																			<transform>
																				<row0> -0.267717 0.209611 0.940421 </row0>
																				<row1> 0.889763 -0.320691 0.324775 </row1>
																				<row2> -0.369661 -0.923699 0.100650 </row2>
																				<row3> -0.557106 0.199243 -0.755832 </row3>
																			</transform>
																		</node>
																	</node>
																	<node>
																		<identifier> MiddleFinger2_L_BlendBone </identifier>
																		<transform>
																			<row0> -0.267717 0.209611 0.940421 </row0>
																			<row1> 0.889763 -0.320691 0.324775 </row1>
																			<row2> -0.369661 -0.923699 0.100650 </row2>
																			<row3> -0.585125 0.199243 -0.755832 </row3>
																		</transform>
																	</node>
																</node>
																<node>
																	<identifier> MiddleFinger1_L_BlendBone </identifier>
																	<transform>
																		<row0> -0.267717 0.209611 0.940421 </row0>
																		<row1> 0.889763 -0.320691 0.324775 </row1>
																		<row2> -0.369661 -0.923699 0.100650 </row2>
																		<row3> -0.625350 0.199243 -0.755832 </row3>
																	</transform>
																</node>
															</node>
															<node>
																<identifier> PinkyFinger1_L </identifier>
																<transform>
																	<row0> 0.885777 -0.338964 0.317021 </row0>
																	<row1> 0.447157 0.440364 -0.778544 </row1>
																	<row2> 0.124294 0.831374 0.541634 </row2>
																	<row3> -0.068659 0.030072 -0.016664 </row3>
																</transform>
																<node>
																	<identifier> PinkyFinger2_L </identifier>
																	<transform>
																		<row0> 1.000000 -0.000000 -0.000000 </row0>
																		<row1> 0.000000 1.000000 0.000000 </row1>
																		<row2> 0.000000 0.000000 1.000000 </row2>
																		<row3> -0.026661 0.000000 0.000000 </row3>
																	</transform>
																	<node>
																		<identifier> PinkyFinger3_L </identifier>
																		<transform>
																			<row0> 1.000000 -0.000000 -0.000000 </row0>
																			<row1> 0.000000 1.000000 0.000000 </row1>
																			<row2> 0.000000 0.000000 1.000000 </row2>
																			<row3> -0.016432 0.000000 -0.000000 </row3>
																		</transform>
																		<node>
																			<identifier> PinkyFinger3_L_BlendBone </identifier>
																			<transform>
																				<row0> -0.216951 -0.550874 0.805897 </row0>
																				<row1> 0.972827 -0.053615 0.225240 </row1>
																				<row2> 0.080871 -0.832865 -0.547537 </row2>
																				<row3> -0.689946 0.314210 -0.601177 </row3>
																			</transform>
																		</node>
																	</node>
																	<node>
																		<identifier> PinkyFinger2_L_BlendBone </identifier>
																		<transform>
																			<row0> -0.216951 -0.550874 0.805897 </row0>
																			<row1> 0.972827 -0.053615 0.225240 </row1>
																			<row2> 0.080871 -0.832865 -0.547537 </row2>
																			<row3> -0.706378 0.314210 -0.601177 </row3>
																		</transform>
																	</node>
																</node>
																<node>
																	<identifier> PinkyFinger1_L_BlendBone </identifier>
																	<transform>
																		<row0> -0.216951 -0.550874 0.805897 </row0>
																		<row1> 0.972827 -0.053615 0.225240 </row1>
																		<row2> 0.080871 -0.832865 -0.547537 </row2>
																		<row3> -0.733039 0.314209 -0.601177 </row3>
																	</transform>
																</node>
															</node>
															<node>
																<identifier> RingFinger1_L </identifier>
																<transform>
																	<row0> 0.957551 -0.182777 0.222907 </row0>
																	<row1> 0.269705 0.841028 -0.468967 </row1>
																	<row2> -0.101755 0.509179 0.854624 </row2>
																	<row3> -0.077528 0.015076 -0.006123 </row3>
																</transform>
																<node>
																	<identifier> RingFinger2_L </identifier>
																	<transform>
																		<row0> 0.998415 0.000000 0.056284 </row0>
																		<row1> -0.000000 1.000000 -0.000000 </row1>
																		<row2> -0.056284 0.000000 0.998415 </row2>
																		<row3> -0.034769 0.000000 0.000000 </row3>
																	</transform>
																	<node>
																		<identifier> RingFinger3_L </identifier>
																		<transform>
																			<row0> 1.000000 0.000000 -0.000000 </row0>
																			<row1> 0.000000 1.000000 0.000000 </row1>
																			<row2> -0.000000 0.000000 1.000000 </row2>
																			<row3> -0.024662 0.000000 0.000000 </row3>
																		</transform>
																		<node>
																			<identifier> RingFinger3_L_BlendBone </identifier>
																			<transform>
																				<row0> -0.182973 -0.043512 0.982155 </row0>
																				<row1> 0.976049 -0.127626 0.176182 </row1>
																				<row2> -0.117683 -0.990867 -0.065822 </row2>
																				<row3> -0.691748 0.143969 -0.647069 </row3>
																			</transform>
																		</node>
																	</node>
																	<node>
																		<identifier> RingFinger2_L_BlendBone </identifier>
																		<transform>
																			<row0> -0.182973 -0.043512 0.982155 </row0>
																			<row1> 0.976049 -0.127626 0.176182 </row1>
																			<row2> -0.117683 -0.990867 -0.065822 </row2>
																			<row3> -0.716410 0.143969 -0.647069 </row3>
																		</transform>
																	</node>
																</node>
																<node>
																	<identifier> RingFinger1_L_BlendBone </identifier>
																	<transform>
																		<row0> -0.237962 -0.043512 0.970299 </row0>
																		<row1> 0.964586 -0.127626 0.230838 </row1>
																		<row2> -0.113792 -0.990867 -0.072341 </row2>
																		<row3> -0.713624 0.143969 -0.686365 </row3>
																	</transform>
																</node>
															</node>
															<node>
																<identifier> ThumbFinger1_L </identifier>
																<transform>
																	<row0> 0.671087 0.733953 0.104668 </row0>
																	<row1> -0.448821 0.289828 0.845316 </row1>
																	<row2> 0.590086 -0.614258 0.523914 </row2>
																	<row3> -0.019020 -0.023912 -0.006133 </row3>
																</transform>
																<node>
																	<identifier> ThumbFinger2_L </identifier>
																	<transform>
																		<row0> 0.997048 0.000000 0.076780 </row0>
																		<row1> 0.000000 1.000000 -0.000000 </row1>
																		<row2> -0.076780 0.000000 0.997048 </row2>
																		<row3> -0.039624 0.000000 -0.000000 </row3>
																	</transform>
																	<node>
																		<identifier> ThumbFinger3_L </identifier>
																		<transform>
																			<row0> 0.999948 -0.000001 0.010249 </row0>
																			<row1> 0.000001 1.000000 0.000000 </row1>
																			<row2> -0.010249 0.000000 0.999947 </row2>
																			<row3> -0.025726 0.000000 0.000000 </row3>
																		</transform>
																		<node>
																			<identifier> ThumbFinger3_L_BlendBone </identifier>
																			<transform>
																				<row0> 0.215328 0.970422 -0.109155 </row0>
																				<row1> 0.581396 -0.037587 0.812752 </row1>
																				<row2> -0.784610 0.238470 0.572293 </row2>
																				<row3> -0.552429 -0.420294 -0.716104 </row3>
																			</transform>
																		</node>
																	</node>
																	<node>
																		<identifier> ThumbFinger2_L_BlendBone </identifier>
																		<transform>
																			<row0> 0.216437 0.970422 -0.106942 </row0>
																			<row1> 0.573035 -0.037588 0.818668 </row1>
																			<row2> -0.790434 0.238471 0.564221 </row2>
																			<row3> -0.570787 -0.420293 -0.721729 </row3>
																		</transform>
																	</node>
																</node>
																<node>
																	<identifier> ThumbFinger1_L_BlendBone </identifier>
																	<transform>
																		<row0> 0.224009 0.970422 -0.090008 </row0>
																		<row1> 0.508486 -0.037588 0.860249 </row1>
																		<row2> -0.831422 0.238471 0.501866 </row2>
																		<row3> -0.553312 -0.420293 -0.763423 </row3>
																	</transform>
																</node>
															</node>
															<node>
																<identifier> Wrist_L_BlendBone </identifier>
																<transform>
																	<row0> -0.338329 0.500956 0.796603 </row0>
																	<row1> 0.865730 -0.166104 0.472145 </row1>
																	<row2> -0.368843 -0.849384 0.377495 </row2>
																	<row3> -0.652189 -0.082891 -0.819296 </row3>
																</transform>
															</node>
														</node>
														<node>
															<identifier> ElbowPart1_L_BlendBone </identifier>
															<transform>
																<row0> -0.577824 0.127872 0.806082 </row0>
																<row1> 0.787040 -0.174171 0.591804 </row1>
																<row2> -0.216071 -0.976378 0.000000 </row2>
																<row3> -0.601041 0.101124 -0.936621 </row3>
															</transform>
														</node>
													</node>
													<node>
														<identifier> Elbow_L_BlendBone </identifier>
														<transform>
															<row0> -0.577824 0.127872 0.806082 </row0>
															<row1> 0.787040 -0.174171 0.591804 </row1>
															<row2> -0.216071 -0.976378 0.000000 </row2>
															<row3> -0.737342 0.101124 -0.936621 </row3>
														</transform>
													</node>
												</node>
												<node>
													<identifier> ShoulderPart1_L_BlendBone </identifier>
													<transform>
														<row0> -0.591804 0.000000 0.806082 </row0>
														<row1> 0.806082 0.000000 0.591804 </row1>
														<row2> 0.000000 -1.000000 0.000000 </row2>
														<row3> -0.869002 -0.060583 -0.936621 </row3>
													</transform>
												</node>
											</node>
											<node>
												<identifier> Shoulder_L_BlendBone </identifier>
												<transform>
													<row0> -0.591804 0.000000 0.806082 </row0>
													<row1> 0.806082 0.000000 0.591804 </row1>
													<row2> 0.000000 -1.000000 0.000000 </row2>
													<row3> -0.996229 -0.060583 -0.936621 </row3>
												</transform>
											</node>
										</node>
										<node>
											<identifier> Scapula_L_BlendBone </identifier>
											<transform>
												<row0> -1.000000 0.000000 0.000000 </row0>
												<row1> 0.000000 -0.000000 1.000000 </row1>
												<row2> -0.000000 -1.000000 -0.000000 </row2>
												<row3> 0.045396 -0.060583 -1.357338 </row3>
											</transform>
										</node>
									</node>
									<node>
										<identifier> Scapula_R </identifier>
										<transform>
											<row0> 0.000000 0.000000 1.000000 </row0>
											<row1> 0.000000 1.000000 0.000000 </row1>
											<row2> -1.000000 0.000000 0.000000 </row2>
											<row3> 0.125190 -0.052751 0.045396 </row3>
										</transform>
										<node>
											<identifier> Shoulder_R </identifier>
											<transform>
												<row0> 0.591804 0.000000 0.806082 </row0>
												<row1> 0.000000 1.000000 0.000000 </row1>
												<row2> -0.806082 -0.000000 0.591804 </row2>
												<row3> 0.120025 0.000000 0.000000 </row3>
											</transform>
											<node>
												<identifier> ShoulderPart1_R </identifier>
												<transform>
													<row0> 1.000000 -0.000000 0.000000 </row0>
													<row1> 0.000000 1.000000 -0.000000 </row1>
													<row2> -0.000000 0.000000 1.000000 </row2>
													<row3> 0.127227 0.000000 0.000000 </row3>
												</transform>
												<node>
													<identifier> Elbow_R </identifier>
													<transform>
														<row0> 0.976378 0.216071 0.000000 </row0>
														<row1> -0.216071 0.976378 0.000000 </row1>
														<row2> -0.000000 0.000000 1.000000 </row2>
														<row3> 0.127227 0.000000 0.000000 </row3>
													</transform>
													<node>
														<identifier> ElbowPart1_R </identifier>
														<transform>
															<row0> 1.000000 0.000000 0.000000 </row0>
															<row1> 0.000000 1.000000 0.000000 </row1>
															<row2> 0.000000 0.000000 1.000000 </row2>
															<row3> 0.136301 -0.000000 0.000000 </row3>
														</transform>
														<node>
															<identifier> Wrist_R </identifier>
															<transform>
																<row0> 0.956555 0.166082 0.239621 </row0>
																<row1> -0.236668 0.922308 0.305511 </row1>
																<row2> -0.170265 -0.348948 0.921545 </row2>
																<row3> 0.136301 -0.000000 0.000000 </row3>
															</transform>
															<node>
																<identifier> IndexFinger1_R </identifier>
																<transform>
																	<row0> 0.978560 0.204979 -0.020103 </row0>
																	<row1> -0.205116 0.961040 -0.185285 </row1>
																	<row2> -0.018659 0.185436 0.982479 </row2>
																	<row3> 0.082045 0.019026 -0.004617 </row3>
																</transform>
																<node>
																	<identifier> IndexFinger2_R </identifier>
																	<transform>
																		<row0> 0.999874 0.000000 0.015852 </row0>
																		<row1> -0.000000 1.000000 0.000000 </row1>
																		<row2> -0.015852 0.000000 0.999874 </row2>
																		<row3> 0.033512 -0.000000 0.000000 </row3>
																	</transform>
																	<node>
																		<identifier> IndexFinger3_R </identifier>
																		<transform>
																			<row0> 1.000000 0.000000 0.000000 </row0>
																			<row1> 0.000000 1.000000 0.000000 </row1>
																			<row2> 0.000000 0.000000 1.000000 </row2>
																			<row3> 0.022423 0.000000 0.000000 </row3>
																		</transform>
																		<node>
																			<identifier> IndexFinger3_R_BlendBone </identifier>
																			<transform>
																				<row0> -0.230394 0.403237 0.885618 </row0>
																				<row1> -0.810137 0.424688 -0.404126 </row1>
																				<row2> 0.539070 0.810580 -0.228831 </row2>
																				<row3> 0.511298 -0.208227 0.802322 </row3>
																			</transform>
																		</node>
																	</node>
																	<node>
																		<identifier> IndexFinger2_R_BlendBone </identifier>
																		<transform>
																			<row0> -0.230394 0.403237 0.885618 </row0>
																			<row1> -0.810137 0.424688 -0.404126 </row1>
																			<row2> 0.539070 0.810580 -0.228831 </row2>
																			<row3> 0.533721 -0.208227 0.802322 </row3>
																		</transform>
																	</node>
																</node>
																<node>
																	<identifier> IndexFinger1_R_BlendBone </identifier>
																	<transform>
																		<row0> -0.244405 0.403237 0.881854 </row0>
																		<row1> -0.803629 0.424688 -0.416918 </row1>
																		<row2> 0.542629 0.810580 -0.220257 </row2>
																		<row3> 0.554447 -0.208227 0.810682 </row3>
																	</transform>
																</node>
															</node>
															<node>
																<identifier> MiddleFinger1_R </identifier>
																<transform>
																	<row0> 0.997218 0.032077 0.067289 </row0>
																	<row1> -0.007850 0.942849 -0.333127 </row1>
																	<row2> -0.074129 0.331672 0.940478 </row2>
																	<row3> 0.083044 0.000000 0.000000 </row3>
																</transform>
																<node>
																	<identifier> MiddleFinger2_R </identifier>
																	<transform>
																		<row0> 1.000000 0.000000 -0.000000 </row0>
																		<row1> 0.000000 1.000000 0.000000 </row1>
																		<row2> 0.000000 0.000000 1.000000 </row2>
																		<row3> 0.040225 0.000000 0.000000 </row3>
																	</transform>
																	<node>
																		<identifier> MiddleFinger3_R </identifier>
																		<transform>
																			<row0> 1.000000 0.000000 -0.000000 </row0>
																			<row1> 0.000000 1.000000 0.000000 </row1>
																			<row2> 0.000000 0.000000 1.000000 </row2>
																			<row3> 0.028019 0.000000 0.000000 </row3>
																		</transform>
																		<node>
																			<identifier> MiddleFinger3_R_BlendBone </identifier>
																			<transform>
																				<row0> -0.267717 0.209611 0.940421 </row0>
																				<row1> -0.889763 0.320691 -0.324775 </row1>
																				<row2> 0.369661 0.923699 -0.100650 </row2>
																				<row3> 0.557106 -0.199243 0.755832 </row3>
																			</transform>
																		</node>
																	</node>
																	<node>
																		<identifier> MiddleFinger2_R_BlendBone </identifier>
																		<transform>
																			<row0> -0.267717 0.209611 0.940421 </row0>
																			<row1> -0.889763 0.320691 -0.324775 </row1>
																			<row2> 0.369661 0.923699 -0.100650 </row2>
																			<row3> 0.585125 -0.199243 0.755832 </row3>
																		</transform>
																	</node>
																</node>
																<node>
																	<identifier> MiddleFinger1_R_BlendBone </identifier>
																	<transform>
																		<row0> -0.267717 0.209611 0.940421 </row0>
																		<row1> -0.889763 0.320691 -0.324775 </row1>
																		<row2> 0.369661 0.923699 -0.100650 </row2>
																		<row3> 0.625350 -0.199243 0.755832 </row3>
																	</transform>
																</node>
															</node>
															<node>
																<identifier> PinkyFinger1_R </identifier>
																<transform>
																	<row0> 0.885777 -0.338964 0.317021 </row0>
																	<row1> 0.447157 0.440364 -0.778544 </row1>
																	<row2> 0.124294 0.831374 0.541634 </row2>
																	<row3> 0.068659 -0.030072 0.016664 </row3>
																</transform>
																<node>
																	<identifier> PinkyFinger2_R </identifier>
																	<transform>
																		<row0> 1.000000 0.000000 0.000000 </row0>
																		<row1> 0.000000 1.000000 0.000000 </row1>
																		<row2> -0.000000 0.000000 1.000000 </row2>
																		<row3> 0.026661 0.000000 0.000000 </row3>
																	</transform>
																	<node>
																		<identifier> PinkyFinger3_R </identifier>
																		<transform>
																			<row0> 1.000000 0.000000 0.000000 </row0>
																			<row1> 0.000000 1.000000 0.000000 </row1>
																			<row2> -0.000000 0.000000 1.000000 </row2>
																			<row3> 0.016432 0.000000 0.000000 </row3>
																		</transform>
																		<node>
																			<identifier> PinkyFinger3_R_BlendBone </identifier>
																			<transform>
																				<row0> -0.216951 -0.550874 0.805897 </row0>
																				<row1> -0.972827 0.053615 -0.225241 </row1>
																				<row2> -0.080871 0.832865 0.547537 </row2>
																				<row3> 0.689946 -0.314210 0.601177 </row3>
																			</transform>
																		</node>
																	</node>
																	<node>
																		<identifier> PinkyFinger2_R_BlendBone </identifier>
																		<transform>
																			<row0> -0.216951 -0.550874 0.805897 </row0>
																			<row1> -0.972827 0.053615 -0.225241 </row1>
																			<row2> -0.080871 0.832865 0.547537 </row2>
																			<row3> 0.706378 -0.314210 0.601177 </row3>
																		</transform>
																	</node>
																</node>
																<node>
																	<identifier> PinkyFinger1_R_BlendBone </identifier>
																	<transform>
																		<row0> -0.216951 -0.550874 0.805897 </row0>
																		<row1> -0.972827 0.053615 -0.225241 </row1>
																		<row2> -0.080871 0.832865 0.547537 </row2>
																		<row3> 0.733039 -0.314210 0.601177 </row3>
																	</transform>
																</node>
															</node>
															<node>
																<identifier> RingFinger1_R </identifier>
																<transform>
																	<row0> 0.957552 -0.182777 0.222907 </row0>
																	<row1> 0.269705 0.841028 -0.468967 </row1>
																	<row2> -0.101755 0.509179 0.854624 </row2>
																	<row3> 0.077528 -0.015076 0.006123 </row3>
																</transform>
																<node>
																	<identifier> RingFinger2_R </identifier>
																	<transform>
																		<row0> 0.998415 -0.000000 0.056284 </row0>
