<root>
	<model>
		<resource> content/Hangars/hangar_v4/Environment/hv4_097_TankConstruction/normal/lod0/hv4_097_TankConstruction_06.model </resource>
		<editorOnly>
			<hidden> false </hidden>
			<frozen> false </frozen>
		</editorOnly>
		<visibilityMask> 4294967295 </visibilityMask>
		<metaData/>
		<megalodFlag> 0 </megalodFlag>
		<transform>
			<row0> 0.258819 0.000000 0.965926 </row0>
			<row1> 0.000000 1.000000 0.000000 </row1>
			<row2> -0.965926 0.000000 0.258819 </row2>
			<row3> 13.905655 0.186849 51.337910 </row3>
		</transform>
		<castsShadow> true </castsShadow>
		<alwaysDynamic> false </alwaysDynamic>
		<ignoresObjectsFarplane> false </ignoresObjectsFarplane>
		<destructibleState> undamaged </destructibleState>
		<decorative> 384 </decorative>
	</model>
	<model>
		<resource> content/Hangars/hangar_v4/Environment/hv4_097_TankConstruction/normal/lod0/hv4_097_TankConstruction_05.model </resource>
		<editorOnly>
			<hidden> false </hidden>
			<frozen> false </frozen>
		</editorOnly>
		<visibilityMask> 4294967295 </visibilityMask>
		<metaData/>
		<megalodFlag> 0 </megalodFlag>
		<transform>
			<row0> 0.000000 0.000000 -1.000000 </row0>
			<row1> 0.000000 1.000000 0.000000 </row1>
			<row2> 1.000000 0.000000 0.000000 </row2>
			<row3> 23.094978 0.191017 54.153053 </row3>
		</transform>
		<castsShadow> false </castsShadow>
		<alwaysDynamic> false </alwaysDynamic>
		<ignoresObjectsFarplane> false </ignoresObjectsFarplane>
		<destructibleState> undamaged </destructibleState>
		<decorative> 384 </decorative>
	</model>
	<model>
		<editorOnly>
			<hidden> false </hidden>
			<frozen> false </frozen>
		</editorOnly>
		<visibilityMask> 4294967295 </visibilityMask>
		<metaData/>
		<megalodFlag> 0 </megalodFlag>
		<resource> content/Hangars/hangar_v4/Environment/hv4_099_FactoryElements/normal/lod0/hv4_099_FactoryElements_Welded_construction_02.model </resource>
		<transform>
			<row0> 0.604471 0.000000 -0.796627 </row0>
			<row1> 0.000000 1.000000 0.000000 </row1>
			<row2> 0.796627 0.000000 0.604471 </row2>
			<row3> 15.694090 0.163714 54.621174 </row3>
		</transform>
		<castsShadow> true </castsShadow>
		<alwaysDynamic> false </alwaysDynamic>
		<ignoresObjectsFarplane> false </ignoresObjectsFarplane>
		<destructibleState> undamaged </destructibleState>
		<decorative> 384 </decorative>
	</model>
	<model>
		<resource> content/Hangars/hangar_v4/Environment/hv4_099_FactoryElements/normal/lod0/hv4_099_FactoryElements_Trestle_stand_02.model </resource>
		<editorOnly>
			<hidden> false </hidden>
			<frozen> false </frozen>
		</editorOnly>
		<visibilityMask> 4294967295 </visibilityMask>
		<metaData/>
		<megalodFlag> 0 </megalodFlag>
		<transform>
			<row0> 0.732132 -0.000005 -0.681161 </row0>
			<row1> 0.000001 1.000000 -0.000007 </row1>
			<row2> 0.681161 0.000004 0.732132 </row2>
			<row3> 16.384214 0.173872 66.075264 </row3>
		</transform>
		<castsShadow> true </castsShadow>
		<alwaysDynamic> false </alwaysDynamic>
		<ignoresObjectsFarplane> false </ignoresObjectsFarplane>
		<destructibleState> undamaged </destructibleState>
		<serverId> 249 </serverId>
	</model>
	<model>
		<resource> content/Hangars/hangar_v4/Environment/hv4_099_FactoryElements/normal/lod0/hv4_099_FactoryElements_Metal_support_03.model </resource>
		<editorOnly>
			<hidden> false </hidden>
			<frozen> false </frozen>
		</editorOnly>
		<visibilityMask> 4294967295 </visibilityMask>
		<metaData/>
		<megalodFlag> 0 </megalodFlag>
		<transform>
			<row0> 1.299038 0.000000 -0.750000 </row0>
			<row1> 0.000000 1.500000 0.000000 </row1>
			<row2> 0.750000 0.000000 1.299038 </row2>
			<row3> 21.853115 0.198711 62.258007 </row3>
		</transform>
		<castsShadow> false </castsShadow>
		<alwaysDynamic> false </alwaysDynamic>
		<ignoresObjectsFarplane> false </ignoresObjectsFarplane>
		<destructibleState> undamaged </destructibleState>
		<decorative> 256 </decorative>
	</model>
	<model>
		<editorOnly>
			<hidden> false </hidden>
			<frozen> false </frozen>
		</editorOnly>
		<visibilityMask> 4294967295 </visibilityMask>
		<metaData/>
		<megalodFlag> 0 </megalodFlag>
		<resource> content/Hangars/hangar_v4/Environment/hv4_099_FactoryElements/normal/lod0/hv4_099_FactoryElements_Metal_support_03.model </resource>
		<transform>
			<row0> 0.750000 0.000000 1.299038 </row0>
			<row1> 0.000000 1.500000 0.000000 </row1>
			<row2> -1.299038 0.000000 0.750000 </row2>
			<row3> 21.529449 0.198711 63.880287 </row3>
		</transform>
		<castsShadow> false </castsShadow>
		<alwaysDynamic> false </alwaysDynamic>
		<ignoresObjectsFarplane> false </ignoresObjectsFarplane>
		<destructibleState> undamaged </destructibleState>
		<decorative> 384 </decorative>
	</model>
	<model>
		<editorOnly>
			<hidden> false </hidden>
			<frozen> false </frozen>
		</editorOnly>
		<visibilityMask> 4294967295 </visibilityMask>
		<metaData/>
		<megalodFlag> 0 </megalodFlag>
		<resource> content/Hangars/hangar_v4/Environment/hv4_099_FactoryElements/normal/lod0/hv4_099_FactoryElements_Metal_support_03.model </resource>
		<transform>
			<row0> 1.448889 0.000000 -0.388228 </row0>
			<row1> 0.000000 1.500000 0.000000 </row1>
			<row2> 0.388228 0.000000 1.448889 </row2>
			<row3> 21.908180 0.198711 63.125023 </row3>
		</transform>
		<castsShadow> false </castsShadow>
		<alwaysDynamic> false </alwaysDynamic>
		<ignoresObjectsFarplane> false </ignoresObjectsFarplane>
		<destructibleState> undamaged </destructibleState>
		<decorative> 384 </decorative>
	</model>
	<model>
		<resource> content/Hangars/hangar_v4/Environment/hv4_006_WorkTools/normal/lod0/hv4_006_WorkTools_04.model </resource>
		<editorOnly>
			<hidden> false </hidden>
			<frozen> false </frozen>
		</editorOnly>
		<visibilityMask> 4294967295 </visibilityMask>
		<metaData/>
		<megalodFlag> 0 </megalodFlag>
		<transform>
			<row0> -1.212317 0.000000 0.324838 </row0>
			<row1> 0.000000 1.255087 0.000000 </row1>
			<row2> -0.324838 0.000000 -1.212317 </row2>
			<row3> 19.679695 1.055432 88.376419 </row3>
		</transform>
		<castsShadow> false </castsShadow>
		<alwaysDynamic> false </alwaysDynamic>
		<ignoresObjectsFarplane> false </ignoresObjectsFarplane>
		<destructibleState> undamaged </destructibleState>
		<decorative> 256 </decorative>
	</model>
	<model>
		<resource> content/Hangars/hangar_v4/Environment/hv4_006_WorkTools/normal/lod0/hv4_006_WorkTools_06.model </resource>
		<editorOnly>
			<hidden> false </hidden>
			<frozen> false </frozen>
		</editorOnly>
		<visibilityMask> 4294967295 </visibilityMask>
		<metaData/>
		<megalodFlag> 0 </megalodFlag>
		<transform>
			<row0> -1.499966 -0.000000 0.010029 </row0>
			<row1> -0.000000 1.500000 -0.000000 </row1>
			<row2> -0.010029 -0.000000 -1.499966 </row2>
			<row3> 19.556694 1.049461 88.602333 </row3>
		</transform>
		<castsShadow> false </castsShadow>
		<alwaysDynamic> false </alwaysDynamic>
		<ignoresObjectsFarplane> false </ignoresObjectsFarplane>
		<destructibleState> undamaged </destructibleState>
		<decorative> 256 </decorative>
	</model>
	<model>
		<resource> content/Hangars/hangar_v4/Environment/hv4_006_WorkTools/normal/lod0/hv4_006_WorkTools_09.model </resource>
		<editorOnly>
			<hidden> false </hidden>
			<frozen> false </frozen>
		</editorOnly>
		<visibilityMask> 4294967295 </visibilityMask>
		<metaData/>
		<megalodFlag> 0 </megalodFlag>
		<transform>
			<row0> -0.086405 0.000000 1.126645 </row0>
			<row1> -0.000000 1.129958 -0.000000 </row1>
			<row2> -1.126645 -0.000000 -0.086405 </row2>
			<row3> 19.314556 1.055432 88.348579 </row3>
		</transform>
		<castsShadow> true </castsShadow>
		<alwaysDynamic> false </alwaysDynamic>
		<ignoresObjectsFarplane> false </ignoresObjectsFarplane>
		<destructibleState> undamaged </destructibleState>
		<decorative> 384 </decorative>
	</model>
	<model>
		<resource> content/Hangars/hangar_v4/Environment/hv4_006_WorkTools/normal/lod0/hv4_006_WorkTools_07.model </resource>
		<editorOnly>
			<hidden> false </hidden>
			<frozen> false </frozen>
		</editorOnly>
		<visibilityMask> 4294967295 </visibilityMask>
		<metaData/>
		<megalodFlag> 0 </megalodFlag>
		<transform>
			<row0> -1.448888 0.000000 -0.388230 </row0>
			<row1> 0.000000 1.500000 0.000000 </row1>
			<row2> 0.388230 0.000000 -1.448888 </row2>
			<row3> 17.686884 1.055432 88.643753 </row3>
		</transform>
		<castsShadow> true </castsShadow>
		<alwaysDynamic> false </alwaysDynamic>
		<ignoresObjectsFarplane> false </ignoresObjectsFarplane>
		<destructibleState> undamaged </destructibleState>
		<decorative> 384 </decorative>
	</model>
	<model>
		<resource> content/Hangars/hangar_v4/Environment/hv4_018_MetalRack/normal/lod0/hv4_018_MetalRack_02.model </resource>
		<editorOnly>
			<hidden> false </hidden>
			<frozen> false </frozen>
		</editorOnly>
		<visibilityMask> 4294967295 </visibilityMask>
		<metaData/>
		<megalodFlag> 0 </megalodFlag>
		<transform>
			<row0> 0.000002 0.000000 -1.100002 </row0>
			<row1> 0.000000 1.000000 0.000000 </row1>
			<row2> 0.900002 0.000000 0.000002 </row2>
			<row3> 17.389927 0.136718 94.356468 </row3>
		</transform>
		<castsShadow> true </castsShadow>
		<alwaysDynamic> false </alwaysDynamic>
		<ignoresObjectsFarplane> false </ignoresObjectsFarplane>
		<destructibleState> undamaged </destructibleState>
		<serverId> 190 </serverId>
	</model>
	<model>
		<resource> content/Hangars/hangar_v4/Environment/hv4_046_TireStuff/normal/lod0/hv4_046_TireStuff_03.model </resource>
		<editorOnly>
			<hidden> false </hidden>
			<frozen> false </frozen>
		</editorOnly>
		<visibilityMask> 4294967295 </visibilityMask>
		<metaData/>
		<megalodFlag> 0 </megalodFlag>
		<transform>
			<row0> 0.707107 0.000000 -0.707107 </row0>
			<row1> 0.000000 1.000000 0.000000 </row1>
			<row2> 0.707107 0.000000 0.707107 </row2>
			<row3> 18.248959 0.177300 95.735291 </row3>
		</transform>
		<castsShadow> true </castsShadow>
		<alwaysDynamic> false </alwaysDynamic>
		<ignoresObjectsFarplane> false </ignoresObjectsFarplane>
		<destructibleState> undamaged </destructibleState>
		<decorative> 384 </decorative>
	</model>
	<model>
		<editorOnly>
			<hidden> false </hidden>
			<frozen> false </frozen>
			<groupName> group_151 </groupName>
			<groupPivotYPR> 0.000000 -0.000000 0.000000 </groupPivotYPR>
		</editorOnly>
		<visibilityMask> 4294967295 </visibilityMask>
		<metaData/>
		<megalodFlag> 0 </megalodFlag>
		<resource> content/Hangars/hangar_v4/Environment/hv4_047_Lamps/normal/lod0/hv4_047_Lamps_01.model </resource>
		<transform>
			<row0> 0.499997 0.000000 0.866027 </row0>
			<row1> 0.000002 1.000000 -0.000002 </row1>
			<row2> -0.866027 0.000003 0.499997 </row2>
			<row3> 63.583103 25.183001 56.160007 </row3>
		</transform>
		<castsShadow> false </castsShadow>
		<alwaysDynamic> false </alwaysDynamic>
		<ignoresObjectsFarplane> false </ignoresObjectsFarplane>
		<destructibleState> undamaged </destructibleState>
		<serverId> 410 </serverId>
	</model>
	<model>
		<editorOnly>
			<hidden> false </hidden>
			<frozen> false </frozen>
			<groupName> group_151 </groupName>
			<groupPivotYPR> 0.000000 -0.000000 0.000000 </groupPivotYPR>
		</editorOnly>
		<visibilityMask> 4294967295 </visibilityMask>
		<metaData/>
		<megalodFlag> 0 </megalodFlag>
		<resource> content/Hangars/hangar_v4/Environment/hv4_047_Lamps/normal/lod0/hv4_047_Lamps_01.model </resource>
		<transform>
			<row0> 0.499996 0.000000 0.866028 </row0>
			<row1> 0.000002 1.000000 -0.000002 </row1>
			<row2> -0.866028 0.000003 0.499996 </row2>
			<row3> 63.583103 25.183001 80.736008 </row3>
		</transform>
		<castsShadow> false </castsShadow>
		<alwaysDynamic> false </alwaysDynamic>
		<ignoresObjectsFarplane> false </ignoresObjectsFarplane>
		<destructibleState> undamaged </destructibleState>
		<serverId> 409 </serverId>
	</model>
	<model>
		<editorOnly>
			<hidden> false </hidden>
			<frozen> false </frozen>
			<groupName> group_152 </groupName>
			<groupPivotYPR> 0.000000 -0.000000 0.000000 </groupPivotYPR>
		</editorOnly>
		<visibilityMask> 4294967295 </visibilityMask>
		<metaData/>
		<megalodFlag> 0 </megalodFlag>
		<resource> content/Hangars/hangar_v4/Environment/hv4_047_Lamps/normal/lod0/hv4_047_Lamps_01.model </resource>
		<transform>
			<row0> 0.499997 0.000000 0.866027 </row0>
			<row1> 0.000002 1.000000 -0.000002 </row1>
			<row2> -0.866027 0.000003 0.499997 </row2>
			<row3> 92.852661 25.183001 56.160004 </row3>
		</transform>
		<castsShadow> false </castsShadow>
		<alwaysDynamic> false </alwaysDynamic>
		<ignoresObjectsFarplane> false </ignoresObjectsFarplane>
		<destructibleState> undamaged </destructibleState>
		<serverId> 389 </serverId>
	</model>
	<model>
		<resource> content/Hangars/hangar_v4/Environment/hv4_047_Lamps/normal/lod0/hv4_047_Lamps_01.model </resource>
		<editorOnly>
			<hidden> false </hidden>
			<frozen> false </frozen>
			<groupName> group_149 </groupName>
			<groupPivotYPR> 0.000000 -0.000000 0.000000 </groupPivotYPR>
		</editorOnly>
		<visibilityMask> 4294967295 </visibilityMask>
		<metaData/>
		<megalodFlag> 0 </megalodFlag>
		<transform>
			<row0> 0.499997 0.000000 0.866027 </row0>
			<row1> 0.000002 1.000000 -0.000002 </row1>
			<row2> -0.866027 0.000003 0.499997 </row2>
			<row3> 43.105934 25.183001 7.254005 </row3>
		</transform>
		<castsShadow> false </castsShadow>
		<alwaysDynamic> false </alwaysDynamic>
		<ignoresObjectsFarplane> false </ignoresObjectsFarplane>
		<destructibleState> undamaged </destructibleState>
		<inverseKinematics>
			<avatar/>
			<binding/>
			<collisionFlags> 0 </collisionFlags>
			<balancerPower> 0.100000 0.050000 </balancerPower>
			<rootSmoothing> 0.200000 </rootSmoothing>
			<colliderNormalAdjustmentHeight> 0.010000 </colliderNormalAdjustmentHeight>
			<maxIterations> 50 </maxIterations>
			<maxDistanceError> 0.000100 </maxDistanceError>
			<smoothingCoefficient> 0.200000 </smoothingCoefficient>
		</inverseKinematics>
		<decorative> 384 </decorative>
	</model>
	<model>
		<resource> content/Hangars/hangar_v4/Environment/hv4_047_Lamps/normal/lod0/hv4_047_Lamps_01.model </resource>
		<editorOnly>
			<hidden> false </hidden>
			<frozen> false </frozen>
		</editorOnly>
		<visibilityMask> 4294967295 </visibilityMask>
		<metaData/>
		<megalodFlag> 0 </megalodFlag>
		<transform>
			<row0> 0.499996 0.000000 0.866028 </row0>
			<row1> 0.000002 1.000000 -0.000002 </row1>
			<row2> -0.866028 0.000003 0.499996 </row2>
			<row3> 43.105900 25.183001 56.160004 </row3>
		</transform>
		<castsShadow> false </castsShadow>
		<alwaysDynamic> false </alwaysDynamic>
		<ignoresObjectsFarplane> false </ignoresObjectsFarplane>
		<destructibleState> undamaged </destructibleState>
		<inverseKinematics>
			<avatar/>
			<binding/>
			<collisionFlags> 0 </collisionFlags>
			<balancerPower> 0.100000 0.050000 </balancerPower>
			<rootSmoothing> 0.200000 </rootSmoothing>
			<colliderNormalAdjustmentHeight> 0.010000 </colliderNormalAdjustmentHeight>
			<maxIterations> 50 </maxIterations>
			<maxDistanceError> 0.000100 </maxDistanceError>
			<smoothingCoefficient> 0.200000 </smoothingCoefficient>
		</inverseKinematics>
		<sequence>
			<resource> particles/eff_sequence/h_v4_Lamps_01.seq </resource>
			<autoStart> true </autoStart>
			<isSynchronized> false </isSynchronized>
			<speed> 1.000000 </speed>
			<delay> 0.000000 </delay>
			<loop> true </loop>
			<loopCount> -1 </loopCount>
		</sequence>
		<decorative> 384 </decorative>
	</model>
	<model>
		<editorOnly>
			<hidden> false </hidden>
			<frozen> false </frozen>
		</editorOnly>
		<visibilityMask> 4294967295 </visibilityMask>
		<metaData/>
		<megalodFlag> 0 </megalodFlag>
		<resource> content/Hangars/hangar_v4/Environment/hv4_047_Lamps/normal/lod0/hv4_047_Lamps_01.model </resource>
		<transform>
			<row0> 0.499997 0.000000 0.866027 </row0>
			<row1> 0.000002 1.000000 -0.000002 </row1>
			<row2> -0.866027 0.000003 0.499997 </row2>
			<row3> 4.608903 25.183001 80.736435 </row3>
		</transform>
		<castsShadow> false </castsShadow>
		<alwaysDynamic> false </alwaysDynamic>
		<ignoresObjectsFarplane> false </ignoresObjectsFarplane>
		<destructibleState> undamaged </destructibleState>
		<serverId> 297 </serverId>
	</model>
	<model>
		<editorOnly>
			<hidden> false </hidden>
			<frozen> false </frozen>
		</editorOnly>
		<visibilityMask> 4294967295 </visibilityMask>
		<metaData/>
		<megalodFlag> 0 </megalodFlag>
		<resource> content/Hangars/hangar_v4/Environment/hv4_105_FumeExtractor/normal/lod0/hv4_105_FumeExtractor_01.model </resource>
		<transform>
			<row0> -0.815564 -0.000000 -0.297060 </row0>
			<row1> -0.000000 0.867978 -0.000001 </row1>
			<row2> 0.297060 -0.000000 -0.815564 </row2>
			<row3> 18.716831 0.172805 91.118813 </row3>
		</transform>
		<castsShadow> true </castsShadow>
		<alwaysDynamic> false </alwaysDynamic>
		<ignoresObjectsFarplane> false </ignoresObjectsFarplane>
		<destructibleState> undamaged </destructibleState>
		<serverId> 62 </serverId>
	</model>
	<model>
		<editorOnly>
			<hidden> false </hidden>
			<frozen> false </frozen>
		</editorOnly>
		<visibilityMask> 4294967295 </visibilityMask>
		<serverId> 171 </serverId>
		<metaData/>
		<megalodFlag> 0 </megalodFlag>
		<resource> content/Hangars/hangar_v4/Environment/hv4_095_LatheMachine/normal/lod0/hv4_095_LatheMachine_01.model </resource>
		<transform>
			<row0> 2.405365 0.000000 -0.000002 </row0>
			<row1> 0.000000 2.405366 0.000000 </row1>
			<row2> 0.000002 0.000000 2.405365 </row2>
			<row3> 58.553425 -0.077839 53.445045 </row3>
		</transform>
		<castsShadow> true </castsShadow>
		<alwaysDynamic> false </alwaysDynamic>
		<ignoresObjectsFarplane> false </ignoresObjectsFarplane>
		<destructibleState> undamaged </destructibleState>
	</model>
	<model>
		<editorOnly>
			<hidden> false </hidden>
			<frozen> false </frozen>
			<groupName> group_149 </groupName>
			<groupPivotYPR> 0.000000 -0.000000 0.000000 </groupPivotYPR>
		</editorOnly>
		<visibilityMask> 4294967295 </visibilityMask>
		<metaData/>
		<megalodFlag> 0 </megalodFlag>
		<resource> content/Hangars/hangar_v4/Environment/hv4_047_Lamps/normal/lod0/hv4_047_Lamps_01.model </resource>
		<transform>
			<row0> 0.499996 0.000000 0.866028 </row0>
			<row1> 0.000002 1.000000 -0.000002 </row1>
			<row2> -0.866028 0.000003 0.499996 </row2>
			<row3> 43.105934 25.183001 80.736008 </row3>
		</transform>
		<castsShadow> false </castsShadow>
		<alwaysDynamic> false </alwaysDynamic>
		<ignoresObjectsFarplane> false </ignoresObjectsFarplane>
		<destructibleState> undamaged </destructibleState>
		<inverseKinematics>
			<avatar/>
			<binding/>
			<collisionFlags> 0 </collisionFlags>
			<balancerPower> 0.100000 0.050000 </balancerPower>
			<rootSmoothing> 0.200000 </rootSmoothing>
			<colliderNormalAdjustmentHeight> 0.010000 </colliderNormalAdjustmentHeight>
			<maxIterations> 50 </maxIterations>
			<maxDistanceError> 0.000100 </maxDistanceError>
			<smoothingCoefficient> 0.200000 </smoothingCoefficient>
		</inverseKinematics>
		<serverId> 116 </serverId>
	</model>
	<model>
		<editorOnly>
			<hidden> false </hidden>
			<frozen> false </frozen>
		</editorOnly>
		<visibilityMask> 4294967295 </visibilityMask>
		<metaData/>
		<megalodFlag> 0 </megalodFlag>
		<resource> content/Hangars/hangar_v4/Environment/hv4_099_FactoryElements/normal/lod0/hv4_099_FactoryElements_Trestle_stand_01.model </resource>
		<transform>
			<row0> -0.999344 -0.000000 -0.036191 </row0>
			<row1> -0.000000 1.000000 -0.000000 </row1>
			<row2> 0.036191 -0.000000 -0.999344 </row2>
			<row3> 22.087339 0.168677 65.540581 </row3>
		</transform>
		<castsShadow> false </castsShadow>
		<alwaysDynamic> false </alwaysDynamic>
		<ignoresObjectsFarplane> false </ignoresObjectsFarplane>
		<destructibleState> undamaged </destructibleState>
		<decorative> 384 </decorative>
	</model>
	<model>
		<resource> content/Hangars/hangar_v4/Environment/hv4_006_WorkTools/normal/lod0/hv4_006_WorkTools_01.model </resource>
		<editorOnly>
			<hidden> false </hidden>
			<frozen> false </frozen>
		</editorOnly>
		<visibilityMask> 4294967295 </visibilityMask>
		<metaData/>
		<megalodFlag> 0 </megalodFlag>
		<transform>
			<row0> -0.999964 0.000000 -0.008537 </row0>
			<row1> 0.000000 1.000000 -0.000000 </row1>
			<row2> 0.008537 -0.000000 -0.999964 </row2>
			<row3> 22.569944 1.051710 96.092941 </row3>
		</transform>
		<castsShadow> true </castsShadow>
		<alwaysDynamic> false </alwaysDynamic>
		<ignoresObjectsFarplane> false </ignoresObjectsFarplane>
		<destructibleState> undamaged </destructibleState>
		<serverId> 61 </serverId>
	</model>
	<model>
		<editorOnly>
			<hidden> false </hidden>
			<frozen> false </frozen>
		</editorOnly>
		<visibilityMask> 4294967295 </visibilityMask>
		<metaData/>
		<megalodFlag> 0 </megalodFlag>
		<resource> content/Hangars/hangar_v4/Environment/hv4_007_CarParts/normal/lod0/hv4_007_CarParts_010.model </resource>
		<transform>
			<row0> 0.991865 -0.049349 0.117340 </row0>
			<row1> -0.049007 -0.998781 -0.005797 </row1>
			<row2> 0.117482 -0.000000 -0.993075 </row2>
			<row3> 21.576738 1.290212 92.951073 </row3>
		</transform>
		<castsShadow> true </castsShadow>
		<alwaysDynamic> false </alwaysDynamic>
		<ignoresObjectsFarplane> false </ignoresObjectsFarplane>
		<destructibleState> undamaged </destructibleState>
		<decorative> 384 </decorative>
	</model>
	<model>
		<editorOnly>
			<hidden> false </hidden>
			<frozen> false </frozen>
		</editorOnly>
		<visibilityMask> 4294967295 </visibilityMask>
		<metaData/>
		<megalodFlag> 0 </megalodFlag>
		<resource> content/Hangars/hangar_v4/Environment/hv4_007_CarParts/normal/lod0/hv4_007_CarParts_013.model </resource>
		<transform>
			<row0> -0.989036 -0.000001 -0.147681 </row0>
			<row1> -0.000001 1.000000 0.000001 </row1>
			<row2> 0.147681 0.000000 -0.989037 </row2>
			<row3> 21.515909 1.048734 92.198807 </row3>
		</transform>
		<castsShadow> true </castsShadow>
		<alwaysDynamic> false </alwaysDynamic>
		<ignoresObjectsFarplane> false </ignoresObjectsFarplane>
		<destructibleState> undamaged </destructibleState>
		<decorative> 256 </decorative>
	</model>
	<model>
		<editorOnly>
			<hidden> false </hidden>
			<frozen> false </frozen>
			<groupName> group_152 </groupName>
			<groupPivotYPR> 0.000000 -0.000000 0.000000 </groupPivotYPR>
		</editorOnly>
		<visibilityMask> 4294967295 </visibilityMask>
		<metaData/>
		<megalodFlag> 0 </megalodFlag>
		<resource> content/Hangars/hangar_v4/Environment/hv4_047_Lamps/normal/lod0/hv4_047_Lamps_01.model </resource>
		<transform>
			<row0> 0.499996 0.000000 0.866028 </row0>
			<row1> 0.000002 1.000000 -0.000002 </row1>
			<row2> -0.866028 0.000003 0.499996 </row2>
			<row3> 92.852661 25.183001 80.736008 </row3>
		</transform>
		<castsShadow> false </castsShadow>
		<alwaysDynamic> false </alwaysDynamic>
		<ignoresObjectsFarplane> false </ignoresObjectsFarplane>
		<destructibleState> undamaged </destructibleState>
		<serverId> 105 </serverId>
	</model>
	<model>
		<editorOnly>
			<hidden> false </hidden>
			<frozen> false </frozen>
		</editorOnly>
		<visibilityMask> 4294967295 </visibilityMask>
		<metaData/>
		<megalodFlag> 0 </megalodFlag>
		<resource> content/Hangars/hangar_v4/Environment/hv4_007_CarParts/normal/lod0/hv4_007_CarParts_016.model </resource>
		<transform>
			<row0> 0.000000 1.000000 0.000000 </row0>
			<row1> -1.000000 0.000000 0.000000 </row1>
			<row2> 0.000000 0.000000 1.000002 </row2>
			<row3> 21.950531 1.230960 96.288322 </row3>
		</transform>
		<castsShadow> true </castsShadow>
		<alwaysDynamic> false </alwaysDynamic>
		<ignoresObjectsFarplane> false </ignoresObjectsFarplane>
		<destructibleState> undamaged </destructibleState>
		<decorative> 256 </decorative>
	</model>
	<model>
		<editorOnly>
			<hidden> false </hidden>
			<frozen> false </frozen>
		</editorOnly>
		<visibilityMask> 4294967295 </visibilityMask>
		<metaData/>
		<megalodFlag> 0 </megalodFlag>
		<resource> content/Hangars/hangar_v4/Environment/hv4_007_CarParts/normal/lod0/hv4_007_CarParts_07.model </resource>
		<transform>
			<row0> -0.108093 0.993911 0.021355 </row0>
			<row1> 0.992180 0.106507 0.065078 </row1>
			<row2> 0.062408 0.028223 -0.997652 </row2>
			<row3> 21.990059 1.107180 95.975769 </row3>
		</transform>
		<castsShadow> true </castsShadow>
		<alwaysDynamic> false </alwaysDynamic>
		<ignoresObjectsFarplane> false </ignoresObjectsFarplane>
		<destructibleState> undamaged </destructibleState>
		<decorative> 384 </decorative>
	</model>
	<model>
		<editorOnly>
			<hidden> false </hidden>
			<frozen> false </frozen>
		</editorOnly>
		<visibilityMask> 4294967295 </visibilityMask>
		<metaData/>
		<megalodFlag> 0 </megalodFlag>
		<resource> content/Hangars/hangar_v4/Environment/hv4_007_CarParts/normal/lod0/hv4_007_CarParts_08.model </resource>
		<transform>
			<row0> 0.965927 0.000000 -0.258820 </row0>
			<row1> 0.000000 1.000000 0.000000 </row1>
			<row2> 0.258820 0.000000 0.965927 </row2>
			<row3> 21.215994 1.050581 94.200180 </row3>
		</transform>
		<castsShadow> true </castsShadow>
		<alwaysDynamic> false </alwaysDynamic>
		<ignoresObjectsFarplane> false </ignoresObjectsFarplane>
		<destructibleState> undamaged </destructibleState>
		<decorative> 384 </decorative>
	</model>
	<model>
		<resource> content/Hangars/hangar_v4/Environment/hv4_010_WorkshopChemicals/normal/lod0/hv4_010_WorkshopChemicals_06.model </resource>
		<editorOnly>
			<hidden> false </hidden>
			<frozen> false </frozen>
		</editorOnly>
		<visibilityMask> 4294967295 </visibilityMask>
		<metaData/>
		<megalodFlag> 0 </megalodFlag>
		<transform>
			<row0> 0.866025 0.000000 0.500001 </row0>
			<row1> 0.000000 1.000000 0.000000 </row1>
			<row2> -0.500001 0.000000 0.866025 </row2>
			<row3> 17.931828 1.049160 88.559166 </row3>
		</transform>
		<castsShadow> true </castsShadow>
		<alwaysDynamic> false </alwaysDynamic>
		<ignoresObjectsFarplane> false </ignoresObjectsFarplane>
		<destructibleState> undamaged </destructibleState>
		<decorative> 384 </decorative>
	</model>
	<model>
		<resource> content/Hangars/hangar_v4/Environment/hv4_010_WorkshopChemicals/normal/lod0/hv4_010_WorkshopChemicals_05.model </resource>
		<editorOnly>
			<hidden> false </hidden>
			<frozen> false </frozen>
		</editorOnly>
		<visibilityMask> 4294967295 </visibilityMask>
		<metaData/>
		<megalodFlag> 0 </megalodFlag>
		<transform>
			<row0> 0.499999 0.000000 0.866026 </row0>
			<row1> 0.000000 1.000000 0.000000 </row1>
			<row2> -0.866026 0.000000 0.499999 </row2>
			<row3> 18.109179 1.049160 88.167557 </row3>
		</transform>
		<castsShadow> true </castsShadow>
		<alwaysDynamic> false </alwaysDynamic>
		<ignoresObjectsFarplane> false </ignoresObjectsFarplane>
		<destructibleState> undamaged </destructibleState>
		<decorative> 384 </decorative>
	</model>
	<model>
		<resource> content/Hangars/hangar_v4/Environment/hv4_047_Lamps/normal/lod0/hv4_047_Lamps_01.model </resource>
		<editorOnly>
			<hidden> false </hidden>
			<frozen> false </frozen>
		</editorOnly>
		<visibilityMask> 4294967295 </visibilityMask>
		<metaData/>
		<megalodFlag> 0 </megalodFlag>
		<transform>
			<row0> 0.499997 0.000000 0.866027 </row0>
			<row1> 0.000002 1.000000 -0.000002 </row1>
			<row2> -0.866027 0.000003 0.499997 </row2>
			<row3> 4.608903 25.183001 31.682999 </row3>
		</transform>
		<castsShadow> false </castsShadow>
		<alwaysDynamic> false </alwaysDynamic>
		<ignoresObjectsFarplane> false </ignoresObjectsFarplane>
		<destructibleState> undamaged </destructibleState>
		<serverId> 98 </serverId>
	</model>
	<model>
		<resource> content/Hangars/hangar_v4/Environment/hv4_047_Lamps/normal/lod0/hv4_047_Lamps_01.model </resource>
		<editorOnly>
			<hidden> false </hidden>
			<frozen> false </frozen>
		</editorOnly>
		<visibilityMask> 4294967295 </visibilityMask>
		<metaData/>
		<megalodFlag> 0 </megalodFlag>
		<transform>
			<row0> 0.499997 0.000000 0.866027 </row0>
			<row1> 0.000002 1.000000 -0.000002 </row1>
			<row2> -0.866027 0.000003 0.499997 </row2>
			<row3> 29.679134 25.183001 7.253998 </row3>
		</transform>
		<castsShadow> false </castsShadow>
		<alwaysDynamic> false </alwaysDynamic>
		<ignoresObjectsFarplane> false </ignoresObjectsFarplane>
		<destructibleState> undamaged </destructibleState>
		<decorative> 384 </decorative>
	</model>
	<model>
		<editorOnly>
			<hidden> false </hidden>
			<frozen> false </frozen>
		</editorOnly>
		<visibilityMask> 4294967295 </visibilityMask>
		<metaData/>
		<megalodFlag> 0 </megalodFlag>
		<resource> content/Hangars/hangar_v4/Environment/hv4_010_WorkshopChemicals/normal/lod0/hv4_010_WorkshopChemicals_02.model </resource>
		<transform>
			<row0> -1.290467 0.000000 -0.133379 </row0>
			<row1> 0.000000 1.297338 0.000000 </row1>
			<row2> 0.133379 0.000000 -1.290467 </row2>
			<row3> 22.323750 1.049972 92.042107 </row3>
		</transform>
		<castsShadow> true </castsShadow>
		<alwaysDynamic> false </alwaysDynamic>
		<ignoresObjectsFarplane> false </ignoresObjectsFarplane>
		<destructibleState> undamaged </destructibleState>
		<decorative> 384 </decorative>
	</model>
	<model>
		<editorOnly>
			<hidden> false </hidden>
			<frozen> false </frozen>
		</editorOnly>
		<visibilityMask> 4294967295 </visibilityMask>
		<metaData/>
		<megalodFlag> 0 </megalodFlag>
		<resource> content/Hangars/hangar_v4/Environment/hv4_006_WorkTools/normal/lod0/hv4_006_WorkTools_08.model </resource>
		<transform>
			<row0> -0.866025 0.000000 0.499999 </row0>
			<row1> 0.000000 1.000000 0.000000 </row1>
			<row2> -0.499999 0.000000 -0.866025 </row2>
			<row3> 15.850850 1.059400 88.709564 </row3>
		</transform>
		<castsShadow> false </castsShadow>
		<alwaysDynamic> false </alwaysDynamic>
		<ignoresObjectsFarplane> false </ignoresObjectsFarplane>
		<destructibleState> undamaged </destructibleState>
		<decorative> 384 </decorative>
	</model>
	<model>
		<resource> content/Hangars/hangar_v4/Environment/hv4_047_Lamps/normal/lod0/hv4_047_Lamps_02.model </resource>
		<editorOnly>
			<hidden> false </hidden>
			<frozen> false </frozen>
			<groupName> group_152 </groupName>
			<groupPivotYPR> 0.000000 -0.000000 0.000000 </groupPivotYPR>
		</editorOnly>
		<visibilityMask> 4294967295 </visibilityMask>
		<metaData/>
		<megalodFlag> 0 </megalodFlag>
		<transform>
			<row0> 0.499997 0.000000 0.866027 </row0>
			<row1> 0.000002 1.000000 -0.000002 </row1>
			<row2> -0.866027 0.000003 0.499997 </row2>
			<row3> 92.852646 25.183001 7.253998 </row3>
		</transform>
		<castsShadow> false </castsShadow>
		<alwaysDynamic> false </alwaysDynamic>
		<ignoresObjectsFarplane> false </ignoresObjectsFarplane>
		<destructibleState> undamaged </destructibleState>
		<serverId> 408 </serverId>
	</model>
	<model>
		<editorOnly>
			<hidden> false </hidden>
			<frozen> false </frozen>
		</editorOnly>
		<visibilityMask> 4294967295 </visibilityMask>
		<metaData/>
		<megalodFlag> 0 </megalodFlag>
		<resource> content/Hangars/hangar_v4/Environment/hv4_099_FactoryElements/normal/lod0/hv4_099_FactoryElements_Metal_support_03.model </resource>
		<transform>
			<row0> 1.500000 0.000000 0.000000 </row0>
			<row1> 0.000000 1.500000 0.000000 </row1>
			<row2> 0.000000 0.000000 1.500000 </row2>
			<row3> 19.713190 0.198711 66.063263 </row3>
		</transform>
		<castsShadow> true </castsShadow>
		<alwaysDynamic> false </alwaysDynamic>
		<ignoresObjectsFarplane> false </ignoresObjectsFarplane>
		<destructibleState> undamaged </destructibleState>
		<decorative> 384 </decorative>
	</model>
	<model>
		<editorOnly>
			<hidden> false </hidden>
			<frozen> false </frozen>
		</editorOnly>
		<visibilityMask> 4294967295 </visibilityMask>
		<metaData/>
		<megalodFlag> 0 </megalodFlag>
		<resource> content/Hangars/hangar_v4/Environment/hv4_099_FactoryElements/normal/lod0/hv4_099_FactoryElements_Metal_support_03.model </resource>
		<transform>
			<row0> 1.500000 0.000000 0.000000 </row0>
			<row1> 0.000000 1.500000 0.000000 </row1>
			<row2> 0.000000 0.000000 1.500000 </row2>
			<row3> 19.733410 0.198711 67.071686 </row3>
		</transform>
		<castsShadow> true </castsShadow>
		<alwaysDynamic> false </alwaysDynamic>
		<ignoresObjectsFarplane> false </ignoresObjectsFarplane>
		<destructibleState> undamaged </destructibleState>
		<decorative> 384 </decorative>
	</model>
	<model>
		<resource> content/Hangars/hangar_v4/Environment/hv4_006_WorkTools/normal/lod0/hv4_006_WorkTools_12.model </resource>
		<editorOnly>
			<hidden> false </hidden>
			<frozen> false </frozen>
		</editorOnly>
		<visibilityMask> 4294967295 </visibilityMask>
		<metaData/>
		<megalodFlag> 0 </megalodFlag>
		<transform>
			<row0> 0.307877 0.000000 1.159833 </row0>
			<row1> 0.000000 1.200000 0.000000 </row1>
			<row2> -1.159833 0.000000 0.307877 </row2>
			<row3> 1.711653 0.884602 76.672272 </row3>
		</transform>
		<castsShadow> false </castsShadow>
		<alwaysDynamic> false </alwaysDynamic>
		<ignoresObjectsFarplane> false </ignoresObjectsFarplane>
		<destructibleState> undamaged </destructibleState>
		<decorative> 384 </decorative>
	</model>
	<model>
		<resource> content/Hangars/hangar_v4/Environment/hv4_047_Lamps/normal/lod0/hv4_047_Lamps_02.model </resource>
		<editorOnly>
			<hidden> false </hidden>
			<frozen> false </frozen>
			<groupName> group_152 </groupName>
			<groupPivotYPR> 0.000000 -0.000000 0.000000 </groupPivotYPR>
		</editorOnly>
		<visibilityMask> 4294967295 </visibilityMask>
		<metaData/>
		<megalodFlag> 0 </megalodFlag>
		<transform>
			<row0> 0.499997 0.000000 0.866027 </row0>
			<row1> 0.000002 1.000000 -0.000002 </row1>
			<row2> -0.866027 0.000003 0.499997 </row2>
			<row3> 92.852646 25.183001 31.682999 </row3>
		</transform>
		<castsShadow> false </castsShadow>
		<alwaysDynamic> false </alwaysDynamic>
		<ignoresObjectsFarplane> false </ignoresObjectsFarplane>
		<destructibleState> undamaged </destructibleState>
		<serverId> 407 </serverId>
	</model>
	<model>
		<resource> content/Hangars/hangar_v4/Environment/hv4_047_Lamps/normal/lod0/hv4_047_Lamps_01.model </resource>
		<editorOnly>
			<hidden> false </hidden>
			<frozen> false </frozen>
			<groupName> group_149 </groupName>
			<groupPivotYPR> 0.000000 -0.000000 0.000000 </groupPivotYPR>
		</editorOnly>
		<visibilityMask> 4294967295 </visibilityMask>
		<metaData/>
		<megalodFlag> 0 </megalodFlag>
		<transform>
			<row0> 0.499997 0.000000 0.866027 </row0>
			<row1> 0.000002 1.000000 -0.000002 </row1>
			<row2> -0.866027 0.000003 0.499997 </row2>
			<row3> 43.105934 25.183001 31.683006 </row3>
		</transform>
		<castsShadow> false </castsShadow>
		<alwaysDynamic> false </alwaysDynamic>
		<ignoresObjectsFarplane> false </ignoresObjectsFarplane>
		<destructibleState> undamaged </destructibleState>
		<inverseKinematics>
			<avatar/>
			<binding/>
			<collisionFlags> 0 </collisionFlags>
			<balancerPower> 0.100000 0.050000 </balancerPower>
			<rootSmoothing> 0.200000 </rootSmoothing>
			<colliderNormalAdjustmentHeight> 0.010000 </colliderNormalAdjustmentHeight>
			<maxIterations> 50 </maxIterations>
			<maxDistanceError> 0.000100 </maxDistanceError>
			<smoothingCoefficient> 0.200000 </smoothingCoefficient>
		</inverseKinematics>
		<serverId> 51 </serverId>
	</model>
	<model>
		<resource> content/Hangars/hangar_v4/Environment/hv4_009_PaintCan/normal/lod0/hv4_009_PaintCan_03.model </resource>
		<editorOnly>
			<hidden> false </hidden>
			<frozen> false </frozen>
		</editorOnly>
		<visibilityMask> 4294967295 </visibilityMask>
		<metaData/>
		<megalodFlag> 0 </megalodFlag>
		<transform>
			<row0> 0.500001 0.000000 -0.866025 </row0>
			<row1> 0.000000 1.000000 0.000000 </row1>
			<row2> 0.866025 0.000000 0.500001 </row2>
			<row3> 18.324865 1.049162 88.499374 </row3>
		</transform>
		<castsShadow> true </castsShadow>
		<alwaysDynamic> false </alwaysDynamic>
		<ignoresObjectsFarplane> false </ignoresObjectsFarplane>
		<destructibleState> undamaged </destructibleState>
		<decorative> 384 </decorative>
	</model>
	<model>
		<resource> content/Hangars/hangar_v4/Environment/hv4_006_WorkTools/normal/lod0/hv4_006_WorkTools_13.model </resource>
		<editorOnly>
			<hidden> false </hidden>
			<frozen> false </frozen>
		</editorOnly>
		<visibilityMask> 4294967295 </visibilityMask>
		<metaData/>
		<megalodFlag> 0 </megalodFlag>
		<transform>
			<row0> 0.094942 0.000000 -0.995484 </row0>
			<row1> 0.000000 1.000000 0.000000 </row1>
			<row2> 0.995484 0.000000 0.094942 </row2>
			<row3> 16.750999 1.054785 87.501465 </row3>
		</transform>
		<castsShadow> true </castsShadow>
		<alwaysDynamic> false </alwaysDynamic>
		<ignoresObjectsFarplane> false </ignoresObjectsFarplane>
		<destructibleState> undamaged </destructibleState>
		<decorative> 256 </decorative>
	</model>
	<model>
		<editorOnly>
			<hidden> false </hidden>
			<frozen> false </frozen>
		</editorOnly>
		<visibilityMask> 4294967295 </visibilityMask>
		<metaData/>
		<megalodFlag> 0 </megalodFlag>
		<resource> content/Hangars/hangar_v4/Environment/hv4_006_WorkTools/normal/lod0/hv4_006_WorkTools_06.model </resource>
		<transform>
			<row0> -1.161435 0.000001 -0.949257 </row0>
			<row1> -0.039311 1.498713 0.048099 </row1>
			<row2> 0.948443 0.062120 -1.160439 </row2>
			<row3> 22.104631 1.064759 95.311165 </row3>
		</transform>
		<castsShadow> true </castsShadow>
		<alwaysDynamic> false </alwaysDynamic>
		<ignoresObjectsFarplane> false </ignoresObjectsFarplane>
		<destructibleState> undamaged </destructibleState>
		<decorative> 256 </decorative>
	</model>
	<model>
		<editorOnly>
			<hidden> false </hidden>
			<frozen> false </frozen>
		</editorOnly>
		<visibilityMask> 4294967295 </visibilityMask>
		<metaData/>
		<megalodFlag> 0 </megalodFlag>
		<resource> content/Hangars/hangar_v4/Environment/hv4_006_WorkTools/normal/lod0/hv4_006_WorkTools_05.model </resource>
		<transform>
			<row0> 0.151711 0.000000 1.144740 </row0>
			<row1> -0.000001 1.154747 -0.000000 </row1>
			<row2> -1.144740 -0.000001 0.151711 </row2>
			<row3> 17.374252 0.936211 95.156418 </row3>
		</transform>
		<castsShadow> true </castsShadow>
		<alwaysDynamic> false </alwaysDynamic>
		<ignoresObjectsFarplane> false </ignoresObjectsFarplane>
		<destructibleState> undamaged </destructibleState>
		<decorative> 384 </decorative>
	</model>
	<model>
		<resource> content/Hangars/hangar_v4/Environment/hv4_047_Lamps/normal/lod0/hv4_047_Lamps_02.model </resource>
		<editorOnly>
			<hidden> false </hidden>
			<frozen> false </frozen>
			<groupName> group_151 </groupName>
			<groupPivotYPR> 0.000000 -0.000000 0.000000 </groupPivotYPR>
		</editorOnly>
		<visibilityMask> 4294967295 </visibilityMask>
		<metaData/>
		<megalodFlag> 0 </megalodFlag>
		<transform>
			<row0> 0.499997 0.000000 0.866027 </row0>
			<row1> 0.000002 1.000000 -0.000002 </row1>
			<row2> -0.866027 0.000003 0.499997 </row2>
			<row3> 63.583088 25.183001 31.682999 </row3>
		</transform>
		<castsShadow> false </castsShadow>
		<alwaysDynamic> false </alwaysDynamic>
		<ignoresObjectsFarplane> false </ignoresObjectsFarplane>
		<destructibleState> undamaged </destructibleState>
		<serverId> 350 </serverId>
	</model>
	<model>
		<editorOnly>
			<hidden> false </hidden>
			<frozen> false </frozen>
		</editorOnly>
		<visibilityMask> 4294967295 </visibilityMask>
		<metaData/>
		<megalodFlag> 0 </megalodFlag>
		<resource> content/Hangars/hangar_v4/Environment/hv4_009_PaintCan/normal/lod0/hv4_009_PaintCan_01.model </resource>
		<transform>
			<row0> -0.919238 0.000000 0.919239 </row0>
			<row1> 0.000000 1.300000 0.000000 </row1>
			<row2> -0.919239 0.000000 -0.919238 </row2>
			<row3> 18.185686 1.047039 87.449715 </row3>
		</transform>
		<castsShadow> true </castsShadow>
		<alwaysDynamic> false </alwaysDynamic>
		<ignoresObjectsFarplane> false </ignoresObjectsFarplane>
		<destructibleState> undamaged </destructibleState>
		<decorative> 384 </decorative>
	</model>
	<model>
		<editorOnly>
			<hidden> false </hidden>
			<frozen> false </frozen>
		</editorOnly>
		<visibilityMask> 4294967295 </visibilityMask>
		<metaData/>
		<megalodFlag> 0 </megalodFlag>
		<resource> content/Hangars/hangar_v4/Environment/hv4_010_WorkshopChemicals/normal/lod0/hv4_010_WorkshopChemicals_013.model </resource>
		<transform>
			<row0> 0.810034 0.000000 0.586387 </row0>
			<row1> 0.000000 1.000000 0.000000 </row1>
			<row2> -0.586387 0.000000 0.810034 </row2>
