<root>
	<node>
		<identifier> Scene Root </identifier>
		<transform>
			<row0> 1.000000 0.000000 0.000000 </row0>
			<row1> 0.000000 1.000000 0.000000 </row1>
			<row2> 0.000000 0.000000 1.000000 </row2>
			<row3> 0.000000 0.000000 0.000000 </row3>
		</transform>
		<node>
			<identifier> Root_desk </identifier>
			<transform>
				<row0> 1.000000 0.000000 0.000000 </row0>
				<row1> 0.000000 1.000000 0.000000 </row1>
				<row2> 0.000000 0.000000 1.000000 </row2>
				<row3> 0.000000 0.000000 0.000000 </row3>
			</transform>
			<node>
				<identifier> mid_desk </identifier>
				<transform>
					<row0> 1.000000 0.000000 0.000000 </row0>
					<row1> 0.000000 1.000000 0.000000 </row1>
					<row2> 0.000000 0.000000 1.000000 </row2>
					<row3> -0.000000 1.329779 -0.101722 </row3>
				</transform>
				<node>
					<identifier> mid_ctrl_01 </identifier>
					<transform>
						<row0> 1.000000 0.000000 0.000000 </row0>
						<row1> 0.000000 1.000000 0.000000 </row1>
						<row2> 0.000000 0.000000 1.000000 </row2>
						<row3> -0.340598 0.462678 0.212113 </row3>
					</transform>
					<node>
						<identifier> hand_01 </identifier>
						<transform>
							<row0> -0.594552 -0.755567 -0.275003 </row0>
							<row1> -0.804057 0.558696 0.203349 </row1>
							<row2> -0.000001 0.342020 -0.939693 </row2>
							<row3> 0.003256 0.150482 0.011058 </row3>
						</transform>
						<node>
							<identifier> hand_02 </identifier>
							<transform>
								<row0> -0.366914 -0.930255 -0.000000 </row0>
								<row1> 0.930255 -0.366914 -0.000000 </row1>
								<row2> 0.000000 -0.000000 1.000000 </row2>
								<row3> 0.629350 0.000000 0.000000 </row3>
							</transform>
							<node>
								<identifier> hand_03 </identifier>
								<transform>
									<row0> -1.000000 -0.000000 -0.000000 </row0>
									<row1> -0.000000 1.000000 -0.000000 </row1>
									<row2> -0.000000 -0.000000 -1.000000 </row2>
									<row3> 0.587690 0.000000 0.000000 </row3>
								</transform>
								<node>
									<identifier> hand_04 </identifier>
									<transform>
										<row0> -0.966128 -0.258065 -0.000000 </row0>
										<row1> -0.000001 0.000002 -1.000000 </row1>
										<row2> 0.258065 -0.966128 -0.000002 </row2>
										<row3> -0.022342 -0.047996 -0.049939 </row3>
									</transform>
									<node>
										<identifier> hand_04_BlendBone </identifier>
										<transform>
											<row0> 1.000000 -0.000001 0.000000 </row0>
											<row1> -0.000000 0.342017 0.939694 </row1>
											<row2> 0.000001 0.939694 -0.342017 </row2>
											<row3> 0.109769 -0.600334 -1.250214 </row3>
										</transform>
									</node>
								</node>
								<node>
									<identifier> hand_03_BlendBone </identifier>
									<transform>
										<row0> -0.966128 -0.258065 0.000001 </row0>
										<row1> 0.242501 -0.907864 -0.342019 </row1>
										<row2> -0.088264 0.330434 -0.939693 </row2>
										<row3> -0.451028 1.131542 0.550398 </row3>
									</transform>
								</node>
							</node>
							<node>
								<identifier> hand_02_BlendBone </identifier>
								<transform>
									<row0> 0.966128 -0.258065 -0.000001 </row0>
									<row1> -0.242501 -0.907863 0.342019 </row1>
									<row2> 0.088264 0.330434 0.939693 </row2>
									<row3> 1.038718 1.131542 -0.550398 </row3>
								</transform>
							</node>
						</node>
						<node>
							<identifier> hand_01_BlendBone </identifier>
							<transform>
								<row0> -0.594552 -0.804057 -0.000001 </row0>
								<row1> -0.755567 0.558696 0.342020 </row1>
								<row2> 0.275003 -0.203349 0.939693 </row2>
								<row3> 1.300852 -1.381451 -0.550399 </row3>
							</transform>
						</node>
					</node>
					<node>
						<identifier> mid_ctrl_01_BlendBone </identifier>
						<transform>
							<row0> 1.000000 0.000000 0.000000 </row0>
							<row1> 0.000000 1.000000 0.000000 </row1>
							<row2> 0.000000 0.000000 -1.000000 </row2>
							<row3> 0.340598 -1.792456 -0.110390 </row3>
						</transform>
					</node>
				</node>
				<node>
					<identifier> mid_desk_BlendBone </identifier>
					<transform>
						<row0> 1.000000 0.000000 0.000000 </row0>
						<row1> 0.000000 1.000000 0.000000 </row1>
						<row2> 0.000000 0.000000 -1.000000 </row2>
						<row3> 0.000000 -1.329779 0.101722 </row3>
					</transform>
				</node>
			</node>
			<node>
				<identifier> Root_desk_BlendBone </identifier>
				<transform>
					<row0> 1.000000 0.000000 0.000000 </row0>
					<row1> 0.000000 1.000000 0.000000 </row1>
					<row2> 0.000000 0.000000 -1.000000 </row2>
					<row3> 0.000000 0.000000 0.000000 </row3>
				</transform>
			</node>
		</node>
	</node>
	<renderSet>
		<treatAsWorldSpaceObject> true </treatAsWorldSpaceObject>
		<node> mid_ctrl_01_BlendBone </node>
		<node> hand_01_BlendBone </node>
		<node> mid_desk_BlendBone </node>
		<node> hand_04_BlendBone </node>
		<node> hand_02_BlendBone </node>
		<node> hand_03_BlendBone </node>
		<node> Root_desk_BlendBone </node>
		<geometry>
			<vertices> s0Shape.vertices </vertices>
			<primitive> s0Shape.indices </primitive>
			<primitiveGroup> 0
				<material>
					<identifier> s_nd1_skinned </identifier>
					<fx> shaders/std_effects/PBS_ext_skinned.fx </fx>
					<property> diffuseMap
						<Texture> content/Hangars/hangar_v4/Environment/hv4_049_EngineeringFurniture/hv4_049_EngineeringFurniture_AM.dds </Texture>
					</property>
					<property> metallicGlossMap
						<Texture> content/Hangars/hangar_v4/Environment/hv4_049_EngineeringFurniture/hv4_049_EngineeringFurniture_GMM.dds </Texture>
					</property>
					<property> normalMap
						<Texture> content/Hangars/hangar_v4/Environment/hv4_049_EngineeringFurniture/hv4_049_EngineeringFurniture_ANM.dds </Texture>
					</property>
					<collisionFlags> 0 </collisionFlags>
					<materialKind> 112 </materialKind>
					<property> g_enableAO
						<Bool> true </Bool>
					</property>
				</material>
			</primitiveGroup>
		</geometry>
	</renderSet>
	<renderSet>
		<treatAsWorldSpaceObject> true </treatAsWorldSpaceObject>
		<node> mid_ctrl_01_BlendBone </node>
		<geometry>
			<vertices> s1Shape.vertices </vertices>
			<primitive> s1Shape.indices </primitive>
			<primitiveGroup> 0
				<material>
					<identifier> s_nd2_skinned </identifier>
					<fx> shaders/std_effects/PBS_ext_skinned.fx </fx>
					<property> diffuseMap
						<Texture> content/Hangars/hangar_v4/Environment/hv4_049_EngineeringFurniture/hv4_049_EngineeringFurniture_AM.dds </Texture>
					</property>
					<property> metallicGlossMap
						<Texture> content/Hangars/hangar_v4/Environment/hv4_049_EngineeringFurniture/hv4_049_EngineeringFurniture_GMM.dds </Texture>
					</property>
					<property> normalMap
						<Texture> content/Hangars/hangar_v4/Environment/hv4_049_EngineeringFurniture/hv4_049_EngineeringFurniture_ANM.dds </Texture>
					</property>
					<collisionFlags> 0 </collisionFlags>
					<materialKind> 112 </materialKind>
					<property> g_enableAO
						<Bool> true </Bool>
					</property>
				</material>
			</primitiveGroup>
		</geometry>
	</renderSet>
	<constraints/>
	<boundingBox>
		<min> -0.897489 0.000000 -0.480644 </min>
		<max> 0.897489 2.269543 0.343173 </max>
	</boundingBox>
	<metaData>
		<settings>
			<exportAnimation> false </exportAnimation>
			<exportMode> 0 </exportMode>
			<boneCount> 85 </boneCount>
			<transformToOrigin> false </transformToOrigin>
			<allowScale> false </allowScale>
			<bumpMapped> true </bumpMapped>
			<keepExistingMaterials> true </keepExistingMaterials>
			<supportSkinningWithBsp> true </supportSkinningWithBsp>
			<snapVertices> false </snapVertices>
			<stripRefPrefix> false </stripRefPrefix>
			<useReferenceNode> false </useReferenceNode>
			<referenceNodesFile/>
			<disableVisualChecker> false </disableVisualChecker>
			<useLegacyScaling> false </useLegacyScaling>
			<fixCylindrical> false </fixCylindrical>
			<fixNodeTreeLOD> false </fixNodeTreeLOD>
			<useLegacyOrientation> false </useLegacyOrientation>
			<sceneRootAdded> false </sceneRootAdded>
			<recalculateTangents> false </recalculateTangents>
			<includeMeshes> true </includeMeshes>
			<includeEnvelopesAndBones> false </includeEnvelopesAndBones>
			<includeNodes> true </includeNodes>
			<includeMaterials> true </includeMaterials>
			<includeAnimations> false </includeAnimations>
			<useCharacterMode> false </useCharacterMode>
			<animationName> anim </animationName>
			<includePortals> false </includePortals>
			<worldSpaceOrigin> false </worldSpaceOrigin>
			<unitScale> 0.100000 </unitScale>
			<localHierarchy> false </localHierarchy>
			<nodeFilter> 1 </nodeFilter>
			<copyExternalTextures> true </copyExternalTextures>
			<copyTexturesTo/>
		</settings>
	</metaData>
</root>
